0.00000000E+00	-2.86833236E+01	
1.00000000E+00	-3.02543724E+01	
2.00000000E+00	-3.22108579E+01	
3.00000000E+00	-3.38523546E+01	
4.00000000E+00	-3.45966283E+01	
5.00000000E+00	-3.49691766E+01	
6.00000000E+00	-3.58455671E+01	
7.00000000E+00	-3.76898065E+01	
8.00000000E+00	-4.05073801E+01	
9.00000000E+00	-4.30364513E+01	
1.00000000E+01	-4.29753898E+01	
1.10000000E+01	-4.16835905E+01	
1.20000000E+01	-4.05526083E+01	
1.30000000E+01	-3.92580922E+01	
1.40000000E+01	-3.75023545E+01	
1.50000000E+01	-3.55255919E+01	
1.60000000E+01	-3.35972982E+01	
1.70000000E+01	-3.18186849E+01	
1.80000000E+01	-3.02445129E+01	
1.90000000E+01	-2.89298353E+01	
2.00000000E+01	-2.78918971E+01	
2.10000000E+01	-2.70757074E+01	
2.20000000E+01	-2.63637149E+01	
2.30000000E+01	-2.56357676E+01	
2.40000000E+01	-2.48444599E+01	
2.50000000E+01	-2.40317326E+01	
2.60000000E+01	-2.32766515E+01	
2.70000000E+01	-2.26465821E+01	
2.80000000E+01	-2.21894263E+01	
2.90000000E+01	-2.19408692E+01	
3.00000000E+01	-2.19217019E+01	
3.10000000E+01	-2.21126032E+01	
3.20000000E+01	-2.24125571E+01	
3.30000000E+01	-2.26012232E+01	
3.40000000E+01	-2.23861175E+01	
3.50000000E+01	-2.16057616E+01	
3.60000000E+01	-2.03838437E+01	
3.70000000E+01	-1.90012602E+01	
3.80000000E+01	-1.77106053E+01	
3.90000000E+01	-1.66883484E+01	
4.00000000E+01	-1.60621419E+01	
4.10000000E+01	-1.59467559E+01	
4.20000000E+01	-1.64791583E+01	
4.30000000E+01	-1.78530045E+01	
4.40000000E+01	-2.02336901E+01	
4.50000000E+01	-2.22699216E+01	
4.60000000E+01	-1.95542386E+01	
4.70000000E+01	-1.51763990E+01	
4.80000000E+01	-1.16538164E+01	
4.90000000E+01	-8.93496460E+00	
5.00000000E+01	-6.80289178E+00	
5.10000000E+01	-5.12607299E+00	
5.20000000E+01	-3.83780065E+00	
5.30000000E+01	-2.90945741E+00	
5.40000000E+01	-2.33313738E+00	
5.50000000E+01	-2.11155237E+00	
5.60000000E+01	-2.25337870E+00	
5.70000000E+01	-2.77230620E+00	
5.80000000E+01	-3.68809481E+00	
5.90000000E+01	-5.02704217E+00	
6.00000000E+01	-6.81289955E+00	
6.10000000E+01	-9.01310312E+00	
6.20000000E+01	-1.13197759E+01	
6.30000000E+01	-1.27291588E+01	
6.40000000E+01	-1.23311643E+01	
6.50000000E+01	-1.09616346E+01	
6.60000000E+01	-9.64186414E+00	
6.70000000E+01	-8.67575704E+00	
6.80000000E+01	-8.04728070E+00	
6.90000000E+01	-7.63392503E+00	
7.00000000E+01	-7.26266847E+00	
7.10000000E+01	-6.76815101E+00	
7.20000000E+01	-6.08363644E+00	
7.30000000E+01	-5.27616217E+00	
7.40000000E+01	-4.47487212E+00	
7.50000000E+01	-3.78276986E+00	
7.60000000E+01	-3.24445403E+00	
7.70000000E+01	-2.85401204E+00	
7.80000000E+01	-2.57430171E+00	
7.90000000E+01	-2.35663900E+00	
8.00000000E+01	-2.15913749E+00	
8.10000000E+01	-1.95960451E+00	
8.20000000E+01	-1.75803009E+00	
8.30000000E+01	-1.56891857E+00	
8.40000000E+01	-1.40985971E+00	
8.50000000E+01	-1.29287884E+00	
8.60000000E+01	-1.22071840E+00	
8.70000000E+01	-1.18712027E+00	
8.80000000E+01	-1.17942886E+00	
8.90000000E+01	-1.18284334E+00	
9.00000000E+01	-1.18545282E+00	
9.10000000E+01	-1.18272039E+00	
9.20000000E+01	-1.17924248E+00	
9.30000000E+01	-1.18691321E+00	
9.40000000E+01	-1.22056140E+00	
9.50000000E+01	-1.29281675E+00	
9.60000000E+01	-1.40989404E+00	
9.70000000E+01	-1.56900140E+00	
9.80000000E+01	-1.75810512E+00	
9.90000000E+01	-1.95959692E+00	
1.00000000E+02	-2.15899183E+00	
1.01000000E+02	-2.35635724E+00	
1.02000000E+02	-2.57394936E+00	
1.03000000E+02	-2.85366250E+00	
1.04000000E+02	-3.24416948E+00	
1.05000000E+02	-3.78258463E+00	
1.06000000E+02	-4.47469916E+00	
1.07000000E+02	-5.27587990E+00	
1.08000000E+02	-6.08311431E+00	
1.09000000E+02	-6.76740557E+00	
1.10000000E+02	-7.26193074E+00	
1.11000000E+02	-7.63349200E+00	
1.12000000E+02	-8.04734084E+00	
1.13000000E+02	-8.67627082E+00	
1.14000000E+02	-9.64261104E+00	
1.15000000E+02	-1.09622909E+01	
1.16000000E+02	-1.23313197E+01	
1.17000000E+02	-1.27286827E+01	
1.18000000E+02	-1.13193219E+01	
1.19000000E+02	-9.01299194E+00	
1.20000000E+02	-6.81291082E+00	
1.21000000E+02	-5.02704469E+00	
1.22000000E+02	-3.68804365E+00	
1.23000000E+02	-2.77219731E+00	
1.24000000E+02	-2.25323676E+00	
1.25000000E+02	-2.11139597E+00	
1.26000000E+02	-2.33297109E+00	
1.27000000E+02	-2.90926817E+00	
1.28000000E+02	-3.83758658E+00	
1.29000000E+02	-5.12583985E+00	
1.30000000E+02	-6.80266097E+00	
1.31000000E+02	-8.93481369E+00	
1.32000000E+02	-1.16538363E+01	
1.33000000E+02	-1.51765915E+01	
1.34000000E+02	-1.95542462E+01	
1.35000000E+02	-2.22679990E+01	
1.36000000E+02	-2.02313633E+01	
1.37000000E+02	-1.78513689E+01	
1.38000000E+02	-1.64781299E+01	
1.39000000E+02	-1.59463060E+01	
1.40000000E+02	-1.60623991E+01	
1.41000000E+02	-1.66894654E+01	
1.42000000E+02	-1.77130417E+01	
1.43000000E+02	-1.90055263E+01	
1.44000000E+02	-2.03903349E+01	
1.45000000E+02	-2.16144251E+01	
1.46000000E+02	-2.23957198E+01	
1.47000000E+02	-2.26100366E+01	
1.48000000E+02	-2.24197904E+01	
1.49000000E+02	-2.21183853E+01	
1.50000000E+02	-2.19266558E+01	
1.51000000E+02	-2.19456544E+01	
1.52000000E+02	-2.21943912E+01	
1.53000000E+02	-2.26521331E+01	
1.54000000E+02	-2.32826542E+01	
1.55000000E+02	-2.40380795E+01	
1.56000000E+02	-2.48507256E+01	
1.57000000E+02	-2.56416190E+01	
1.58000000E+02	-2.63687814E+01	
1.59000000E+02	-2.70796466E+01	
1.60000000E+02	-2.78944389E+01	
1.61000000E+02	-2.89315141E+01	
1.62000000E+02	-3.02463656E+01	
1.63000000E+02	-3.18225894E+01	
1.64000000E+02	-3.36046986E+01	
1.65000000E+02	-3.55365423E+01	
1.66000000E+02	-3.75148012E+01	
1.67000000E+02	-3.92685833E+01	
1.68000000E+02	-4.05582205E+01	
1.69000000E+02	-4.16825348E+01	
1.70000000E+02	-4.29653001E+01	
1.71000000E+02	-4.30194049E+01	
1.72000000E+02	-4.04961153E+01	
1.73000000E+02	-3.76823391E+01	
1.74000000E+02	-3.58388987E+01	
1.75000000E+02	-3.49615226E+01	
1.76000000E+02	-3.45892672E+01	
1.77000000E+02	-3.38495290E+01	
1.78000000E+02	-3.22143875E+01	
1.79000000E+02	-3.02608548E+01	
1.80000000E+02	-2.86901954E+01	
1.81000000E+02	-2.77908421E+01	
1.82000000E+02	-2.76445316E+01	
1.83000000E+02	-2.82929742E+01	
1.84000000E+02	-2.97994982E+01	
1.85000000E+02	-3.22623563E+01	
1.86000000E+02	-3.57311870E+01	
1.87000000E+02	-3.96625181E+01	
1.88000000E+02	-4.21329155E+01	
1.89000000E+02	-4.34385975E+01	
1.90000000E+02	-4.66492366E+01	
1.91000000E+02	-5.17928242E+01	
1.92000000E+02	-4.51995212E+01	
1.93000000E+02	-4.05006197E+01	
1.94000000E+02	-3.84554324E+01	
1.95000000E+02	-3.81982256E+01	
1.96000000E+02	-3.94332725E+01	
1.97000000E+02	-4.19239971E+01	
1.98000000E+02	-4.45929542E+01	
1.99000000E+02	-4.54465533E+01	
2.00000000E+02	-4.54951875E+01	
2.01000000E+02	-4.60111423E+01	
2.02000000E+02	-4.53713563E+01	
2.03000000E+02	-4.31602482E+01	
2.04000000E+02	-4.16212029E+01	
2.05000000E+02	-4.17885916E+01	
2.06000000E+02	-4.41465446E+01	
2.07000000E+02	-4.80740974E+01	
2.08000000E+02	-4.56997403E+01	
2.09000000E+02	-4.20103700E+01	
2.10000000E+02	-4.08675825E+01	
2.11000000E+02	-4.22555070E+01	
2.12000000E+02	-4.66602625E+01	
2.13000000E+02	-4.82873357E+01	
2.14000000E+02	-4.31993405E+01	
2.15000000E+02	-4.10868613E+01	
2.16000000E+02	-4.18825241E+01	
2.17000000E+02	-4.56543861E+01	
2.18000000E+02	-4.61120056E+01	
2.19000000E+02	-4.07794358E+01	
2.20000000E+02	-3.79459154E+01	
2.21000000E+02	-3.72642813E+01	
2.22000000E+02	-3.82673443E+01	
2.23000000E+02	-4.05254545E+01	
2.24000000E+02	-4.29361727E+01	
2.25000000E+02	-4.46568957E+01	
2.26000000E+02	-4.75713635E+01	
2.27000000E+02	-4.71413370E+01	
2.28000000E+02	-3.93005375E+01	
2.29000000E+02	-3.38051818E+01	
2.30000000E+02	-3.00050065E+01	
2.31000000E+02	-2.72751298E+01	
2.32000000E+02	-2.53677262E+01	
2.33000000E+02	-2.42030279E+01	
2.34000000E+02	-2.37693559E+01	
2.35000000E+02	-2.40773255E+01	
2.36000000E+02	-2.51366863E+01	
2.37000000E+02	-2.69395218E+01	
2.38000000E+02	-2.94516576E+01	
2.39000000E+02	-3.26488462E+01	
2.40000000E+02	-3.66332413E+01	
2.41000000E+02	-4.12167488E+01	
2.42000000E+02	-4.27056275E+01	
2.43000000E+02	-4.09431658E+01	
2.44000000E+02	-4.08285775E+01	
2.45000000E+02	-4.39448997E+01	
2.46000000E+02	-5.20771179E+01	
2.47000000E+02	-4.44902398E+01	
2.48000000E+02	-3.94992573E+01	
2.49000000E+02	-3.77540990E+01	
2.50000000E+02	-3.78791170E+01	
2.51000000E+02	-3.90748018E+01	
2.52000000E+02	-4.01115782E+01	
2.53000000E+02	-3.99509155E+01	
2.54000000E+02	-3.91615100E+01	
2.55000000E+02	-3.84554304E+01	
2.56000000E+02	-3.79769331E+01	
2.57000000E+02	-3.77820460E+01	
2.58000000E+02	-3.79022144E+01	
2.59000000E+02	-3.81343341E+01	
2.60000000E+02	-3.80893300E+01	
2.61000000E+02	-3.77203915E+01	
2.62000000E+02	-3.74835380E+01	
2.63000000E+02	-3.78488855E+01	
2.64000000E+02	-3.91086123E+01	
2.65000000E+02	-4.14475822E+01	
2.66000000E+02	-4.45049085E+01	
2.67000000E+02	-4.51671937E+01	
2.68000000E+02	-4.26565851E+01	
2.69000000E+02	-4.06451746E+01	
2.70000000E+02	-3.99705911E+01	
2.71000000E+02	-4.06507718E+01	
2.72000000E+02	-4.26644175E+01	
2.73000000E+02	-4.51605384E+01	
2.74000000E+02	-4.44873565E+01	
2.75000000E+02	-4.14424215E+01	
2.76000000E+02	-3.91130007E+01	
2.77000000E+02	-3.78580857E+01	
2.78000000E+02	-3.74929568E+01	
2.79000000E+02	-3.77270346E+01	
2.80000000E+02	-3.80896802E+01	
2.81000000E+02	-3.81281996E+01	
2.82000000E+02	-3.78934704E+01	
2.83000000E+02	-3.77747347E+01	
2.84000000E+02	-3.79713447E+01	
2.85000000E+02	-3.84488287E+01	
2.86000000E+02	-3.91540859E+01	
2.87000000E+02	-3.99438103E+01	
2.88000000E+02	-4.01079123E+01	
2.89000000E+02	-3.90741011E+01	
2.90000000E+02	-3.78812588E+01	
2.91000000E+02	-3.77586070E+01	
2.92000000E+02	-3.95098893E+01	
2.93000000E+02	-4.45195758E+01	
2.94000000E+02	-5.21386502E+01	
2.95000000E+02	-4.39412029E+01	
2.96000000E+02	-4.08263562E+01	
2.97000000E+02	-4.09438723E+01	
2.98000000E+02	-4.27089378E+01	
2.99000000E+02	-4.12137578E+01	
3.00000000E+02	-3.66279548E+01	
3.01000000E+02	-3.26433094E+01	
3.02000000E+02	-2.94475885E+01	
3.03000000E+02	-2.69374727E+01	
3.04000000E+02	-2.51365658E+01	
3.05000000E+02	-2.40789682E+01	
3.06000000E+02	-2.37721360E+01	
3.07000000E+02	-2.42057889E+01	
3.08000000E+02	-2.53691624E+01	
3.09000000E+02	-2.72736402E+01	
3.10000000E+02	-2.99994337E+01	
3.11000000E+02	-3.37957087E+01	
3.12000000E+02	-3.92880249E+01	
3.13000000E+02	-4.71212649E+01	
3.14000000E+02	-4.75655718E+01	
3.15000000E+02	-4.46647992E+01	
3.16000000E+02	-4.29408019E+01	
3.17000000E+02	-4.05144795E+01	
3.18000000E+02	-3.82478924E+01	
3.19000000E+02	-3.72454397E+01	
3.20000000E+02	-3.79323202E+01	
3.21000000E+02	-4.07783989E+01	
3.22000000E+02	-4.61456034E+01	
3.23000000E+02	-4.56577313E+01	
3.24000000E+02	-4.18651734E+01	
3.25000000E+02	-4.10688467E+01	
3.26000000E+02	-4.31802410E+01	
3.27000000E+02	-4.82436323E+01	
3.28000000E+02	-4.66136058E+01	
3.29000000E+02	-4.22316858E+01	
3.30000000E+02	-4.08548592E+01	
3.31000000E+02	-4.20121022E+01	
3.32000000E+02	-4.57372769E+01	
3.33000000E+02	-4.81201547E+01	
3.34000000E+02	-4.41260383E+01	
3.35000000E+02	-4.17522108E+01	
3.36000000E+02	-4.15795168E+01	
3.37000000E+02	-4.31204106E+01	
3.38000000E+02	-4.53612464E+01	
3.39000000E+02	-4.60428749E+01	
3.40000000E+02	-4.55209027E+01	
3.41000000E+02	-4.54406930E+01	
3.42000000E+02	-4.45651114E+01	
3.43000000E+02	-4.19095754E+01	
3.44000000E+02	-3.94324008E+01	
3.45000000E+02	-3.82040590E+01	
3.46000000E+02	-3.84658654E+01	
3.47000000E+02	-4.05175786E+01	
3.48000000E+02	-4.52321120E+01	
3.49000000E+02	-5.18384099E+01	
3.50000000E+02	-4.66401282E+01	
3.51000000E+02	-4.34348342E+01	
3.52000000E+02	-4.21423440E+01	
3.53000000E+02	-3.96791351E+01	
3.54000000E+02	-3.57415761E+01	
3.55000000E+02	-3.22665393E+01	
3.56000000E+02	-2.97996898E+01	
3.57000000E+02	-2.82904557E+01	
3.58000000E+02	-2.76400651E+01	
3.59000000E+02	-2.77848700E+01	
3.60000000E+02	-2.86833236E+01	
